[array([0.89, 0.81]), array([0.8 , 0.96]), array([0.40154 , 0.069854, 0.489268]), array([0.421793, 0.433108, 0.385277, 0.416344]), array([0.335641, 0.860868, 0.945577, 0.926546]), array([0.422042, 0.336522, 0.531316, 0.740453, 0.109796]), array([0.034629, 0.529238, 0.351664, 0.097857, 0.42402 , 0.751751]), array([0.027274, 0.268974, 0.016635, 0.008405, 0.941315, 0.169802,
       0.042833, 0.236519])]
[array([0.88, 0.74]), array([0.18, 0.92]), array([0.829796, 0.767366, 0.831175]), array([0.45564 , 0.361956, 0.361821, 0.510732]), array([0.622733, 0.803319, 0.893894, 0.813807]), array([0.475561, 0.320856, 0.670859, 0.945726, 0.148867]), array([0.240154, 0.471342, 0.148461, 0.220551, 0.330191, 0.785885]), array([0.104088, 0.10692 , 0.19478 , 0.255742, 0.646328, 0.62704 ,
       0.284265, 0.467772])]
[array([0.62, 0.68]), array([0.69, 0.62]), array([0.960834, 0.845972, 0.002088]), array([0.423638, 0.491766, 0.002336, 0.386274]), array([0.006889, 0.899877, 0.990438, 0.631371]), array([3.12797e-01, 1.50000e-05, 2.14171e-01, 9.64616e-01, 1.62780e-02]), array([0.214293, 0.96206 , 0.123834, 0.254684, 0.306071, 0.671854]), array([0.017221, 0.009103, 0.04272 , 0.976473, 0.828757, 0.949521,
       0.003662, 0.035663])]
[array([0.630588, 0.723351]), array([7.12417e-01, 1.00000e-06]), array([0.800109, 0.999999, 0.409626]), array([0.348902, 0.46339 , 0.442102, 0.43599 ]), array([1.00000e-06, 9.99999e-01, 9.99999e-01, 9.99999e-01]), array([0.50849 , 0.389493, 0.600443, 0.793883, 0.138969]), array([0.089376, 0.360627, 0.049358, 0.208771, 0.328882, 0.823937]), array([2.30880e-02, 1.00000e-06, 2.88290e-01, 0.00000e+00, 9.99999e-01,
       5.03933e-01, 3.93000e-03, 9.99999e-01])]
[array([0.767467, 0.734791]), array([0.727048, 0.334031]), array([0.999999, 0.038745, 0.86384 ]), array([0.432011, 0.480899, 0.363527, 0.416484]), array([9.99999e-01, 1.00000e-06, 9.99999e-01, 9.99999e-01]), array([0.491218, 0.340087, 0.517878, 0.851014, 0.11619 ]), array([0.135348, 0.371565, 0.146221, 0.213826, 0.321472, 0.976175]), array([2.06570e-01, 1.00000e-06, 1.35757e-01, 1.00000e-06, 9.99999e-01,
       4.47017e-01, 2.42451e-01, 1.00000e-06])]
[array([0.721499, 0.73226 ]), array([6.98334e-01, 1.00000e-06]), array([0.516247, 0.56142 , 0.386357]), array([0.38338 , 0.373424, 0.39929 , 0.373826]), array([0.999999, 0.999999, 0.999999, 0.999999]), array([0.411999, 0.337159, 0.686686, 0.711966, 0.129998]), array([0.173763, 0.381057, 0.095011, 0.216773, 0.346188, 0.752817]), array([0.136457, 0.070356, 0.083123, 0.200666, 0.999999, 0.383485,
       0.265262, 0.999999])]
[array([0.712508, 0.781378]), array([0.699556, 0.082139]), array([0.296586, 0.716697, 0.42046 ]), array([0.418607, 0.404969, 0.426197, 0.405082]), array([0.999999, 0.999999, 0.      , 0.999999]), array([0.363628, 0.392872, 0.624071, 0.730181, 0.202626]), array([0.186329, 0.312237, 0.083181, 0.200898, 0.34992 , 0.730433]), array([0.055962, 0.201888, 0.14898 , 0.101188, 0.999999, 0.557151,
       0.266168, 0.676512])]
[array([0.725545, 0.712567]), array([6.98087e-01, 1.00000e-06]), array([0.360579, 0.520503, 0.412538]), array([0.424639, 0.400426, 0.433618, 0.403146]), array([0.994793, 0.999999, 0.999999, 0.516085]), array([0.45403 , 0.413492, 0.726216, 0.77354 , 0.195957]), array([0.200985, 0.185768, 0.102535, 0.179586, 0.358429, 0.720297]), array([4.66860e-02, 3.35495e-01, 1.00000e-06, 2.16325e-01, 9.66373e-01,
       9.99999e-01, 1.00000e-06, 1.00000e-06])]
[array([0.727638, 0.73628 ]), array([7.06549e-01, 1.00000e-06]), array([0.340048, 0.544459, 0.111906]), array([0.393056, 0.392284, 0.418024, 0.423318]), array([0.999999, 0.999999, 0.999998, 0.999998]), array([0.315722, 0.384957, 0.618627, 0.672247, 0.118253]), array([0.20544 , 0.167055, 0.088586, 0.160668, 0.350411, 0.699   ]), array([0.121187, 0.14458 , 0.163568, 0.176875, 0.927772, 0.477564,
       0.229043, 0.608124])]
[array([0.723435, 0.678126]), array([0.69459 , 0.566509]), array([0.218317, 0.820743, 0.441803]), array([0.415047, 0.405492, 0.429792, 0.395602]), array([0.999999, 0.999999, 0.5     , 0.5     ]), array([0.425836, 0.31703 , 0.631174, 0.739293, 0.166149]), array([0.210557, 0.180816, 0.117253, 0.195626, 0.354461, 0.723236]), array([0.133637, 0.169646, 0.161433, 0.16304 , 0.884815, 0.492962,
       0.218606, 0.682323])]
[array([0.737963, 0.560447]), array([0.695863, 0.324211]), array([0.343476, 0.708231, 0.398759]), array([0.410762, 0.40233 , 0.417792, 0.402597]), array([0.999999, 0.999999, 0.898781, 0.999999]), array([0.404953, 0.355717, 0.654687, 0.745259, 0.12216 ]), array([0.217938, 0.132735, 0.143516, 0.221656, 0.352016, 0.728438]), array([0.129676, 0.194684, 0.165734, 0.084333, 0.747076, 0.470036,
       0.214801, 0.999999])]
[array([0.735496, 0.58299 ]), array([0.695816, 0.273372]), array([0.252986, 0.679154, 0.425739]), array([0.322584, 0.415117, 0.351873, 0.43144 ]), array([0.999999, 0.800268, 0.999999, 0.999999]), array([0.42681 , 0.359684, 0.64284 , 0.727894, 0.133806]), array([0.230474, 0.072241, 0.178666, 0.267022, 0.348253, 0.737367]), array([0.114026, 0.188524, 0.16735 , 0.148444, 0.841644, 0.456327,
       0.23147 , 0.572009])]
[array([0.723489, 0.647797]), array([0.697069, 0.222793]), array([0.350469, 0.714455, 0.41873 ]), array([0.39827 , 0.405985, 0.401508, 0.406622]), array([0.999999, 0.999999, 0.999999, 0.999999]), array([0.390069, 0.353407, 0.691056, 0.742125, 0.111512]), array([0.248004, 0.075584, 0.220421, 0.305477, 0.347138, 0.714349]), array([0.083747, 0.16894 , 0.162633, 0.164701, 0.809849, 0.457978,
       0.22954 , 0.658543])]